{"cells":[{"cell_type":"code","source":["from pyspark.sql.functions import *\nfrom pyspark.sql.window import Window"],"metadata":{"application/vnd.databricks.v1+cell":{"title":"","showTitle":false,"inputWidgets":{},"nuid":"83188745-7d67-4dee-912b-a10fc7aab24f"}},"outputs":[{"output_type":"display_data","metadata":{"application/vnd.databricks.v1+output":{"datasetInfos":[],"data":"<div class=\"ansiout\"></div>","removedWidgets":[],"addedWidgets":{},"metadata":{},"type":"html","arguments":{}}},"output_type":"display_data","data":{"text/html":["<style scoped>\n  .ansiout {\n    display: block;\n    unicode-bidi: embed;\n    white-space: pre-wrap;\n    word-wrap: break-word;\n    word-break: break-all;\n    font-family: \"Source Code Pro\", \"Menlo\", monospace;;\n    font-size: 13px;\n    color: #555;\n    margin-left: 4px;\n    line-height: 19px;\n  }\n</style>\n<div class=\"ansiout\"></div>"]}}],"execution_count":0},{"cell_type":"code","source":["%run \"../setup/functions\""],"metadata":{"application/vnd.databricks.v1+cell":{"title":"","showTitle":false,"inputWidgets":{},"nuid":"55c51b52-9721-4b5f-80b6-08ab43dd7623"}},"outputs":[{"output_type":"display_data","metadata":{"application/vnd.databricks.v1+output":{"datasetInfos":[],"data":"<div class=\"ansiout\"></div>","removedWidgets":[],"addedWidgets":{},"metadata":{},"type":"html","arguments":{}}},"output_type":"display_data","data":{"text/html":["<style scoped>\n  .ansiout {\n    display: block;\n    unicode-bidi: embed;\n    white-space: pre-wrap;\n    word-wrap: break-word;\n    word-break: break-all;\n    font-family: \"Source Code Pro\", \"Menlo\", monospace;;\n    font-size: 13px;\n    color: #555;\n    margin-left: 4px;\n    line-height: 19px;\n  }\n</style>\n<div class=\"ansiout\"></div>"]}}],"execution_count":0},{"cell_type":"code","source":["%run \"../setup/cosmosdb\""],"metadata":{"application/vnd.databricks.v1+cell":{"title":"","showTitle":false,"inputWidgets":{},"nuid":"8c0a1e95-e058-4599-b1c3-e7e384bdbd80"}},"outputs":[{"output_type":"display_data","metadata":{"application/vnd.databricks.v1+output":{"datasetInfos":[],"data":"<div class=\"ansiout\"></div>","removedWidgets":[],"addedWidgets":{},"metadata":{},"type":"html","arguments":{}}},"output_type":"display_data","data":{"text/html":["<style scoped>\n  .ansiout {\n    display: block;\n    unicode-bidi: embed;\n    white-space: pre-wrap;\n    word-wrap: break-word;\n    word-break: break-all;\n    font-family: \"Source Code Pro\", \"Menlo\", monospace;;\n    font-size: 13px;\n    color: #555;\n    margin-left: 4px;\n    line-height: 19px;\n  }\n</style>\n<div class=\"ansiout\"></div>"]}}],"execution_count":0},{"cell_type":"markdown","source":["#Fetching Data from Silver Layer"],"metadata":{"application/vnd.databricks.v1+cell":{"title":"","showTitle":false,"inputWidgets":{},"nuid":"22d61715-4901-4bc8-8ce4-567d7b4a12b4"}}},{"cell_type":"code","source":["ny_state = 'new york'\ndf_ny = spark.read.format(\"delta\").load(f\"{silver_folder_path}{ny_state.replace(' ', '')}\")"],"metadata":{"application/vnd.databricks.v1+cell":{"title":"Dataframe for NY","showTitle":true,"inputWidgets":{},"nuid":"d1364b5b-88f5-4416-babc-2bdafca8da14"}},"outputs":[{"output_type":"display_data","metadata":{"application/vnd.databricks.v1+output":{"datasetInfos":[],"data":"<div class=\"ansiout\"></div>","removedWidgets":[],"addedWidgets":{},"metadata":{},"type":"html","arguments":{}}},"output_type":"display_data","data":{"text/html":["<style scoped>\n  .ansiout {\n    display: block;\n    unicode-bidi: embed;\n    white-space: pre-wrap;\n    word-wrap: break-word;\n    word-break: break-all;\n    font-family: \"Source Code Pro\", \"Menlo\", monospace;;\n    font-size: 13px;\n    color: #555;\n    margin-left: 4px;\n    line-height: 19px;\n  }\n</style>\n<div class=\"ansiout\"></div>"]}}],"execution_count":0},{"cell_type":"code","source":["california_state = 'california'\ndf_la = spark.read.format(\"delta\").load(f\"{silver_folder_path}{california_state.replace(' ', '')}\")"],"metadata":{"application/vnd.databricks.v1+cell":{"title":"Dataframe for LA","showTitle":true,"inputWidgets":{},"nuid":"89a9d396-6117-46ca-ba90-7926ad59cc00"}},"outputs":[{"output_type":"display_data","metadata":{"application/vnd.databricks.v1+output":{"datasetInfos":[],"data":"<div class=\"ansiout\"></div>","removedWidgets":[],"addedWidgets":{},"metadata":{},"type":"html","arguments":{}}},"output_type":"display_data","data":{"text/html":["<style scoped>\n  .ansiout {\n    display: block;\n    unicode-bidi: embed;\n    white-space: pre-wrap;\n    word-wrap: break-word;\n    word-break: break-all;\n    font-family: \"Source Code Pro\", \"Menlo\", monospace;;\n    font-size: 13px;\n    color: #555;\n    margin-left: 4px;\n    line-height: 19px;\n  }\n</style>\n<div class=\"ansiout\"></div>"]}}],"execution_count":0},{"cell_type":"markdown","source":["##Grouping by month"],"metadata":{"application/vnd.databricks.v1+cell":{"title":"","showTitle":false,"inputWidgets":{},"nuid":"1a92cf09-3892-4845-81ae-2956639d85f8"}}},{"cell_type":"code","source":["df_ny_grouped = df_ny.groupBy('CHAVE_DATA','MUNICIPIO')\\\n.agg(sum('CONFIRMADOS_NY').alias('US_NY_CASOS_CONFIRMADOS'),\\\n     sum('MORTES_NY').alias('US_NY_NUMERO_MORTES'))\\\n.sort(asc('CHAVE_DATA'))"],"metadata":{"application/vnd.databricks.v1+cell":{"title":"","showTitle":false,"inputWidgets":{},"nuid":"e23af79b-1f11-4a0b-92af-dca880dc2430"}},"outputs":[{"output_type":"display_data","metadata":{"application/vnd.databricks.v1+output":{"datasetInfos":[],"data":"<div class=\"ansiout\"></div>","removedWidgets":[],"addedWidgets":{},"metadata":{},"type":"html","arguments":{}}},"output_type":"display_data","data":{"text/html":["<style scoped>\n  .ansiout {\n    display: block;\n    unicode-bidi: embed;\n    white-space: pre-wrap;\n    word-wrap: break-word;\n    word-break: break-all;\n    font-family: \"Source Code Pro\", \"Menlo\", monospace;;\n    font-size: 13px;\n    color: #555;\n    margin-left: 4px;\n    line-height: 19px;\n  }\n</style>\n<div class=\"ansiout\"></div>"]}}],"execution_count":0},{"cell_type":"code","source":["df_la_grouped = df_la.groupBy('CHAVE_DATA','MUNICIPIO')\\\n.agg(sum('CONFIRMADOS_LA').alias('US_LA_CASOS_CONFIRMADOS'),\\\n     sum('MORTES_LA').alias('US_LA_NUMERO_MORTES'))\\\n.sort(asc('CHAVE_DATA'))"],"metadata":{"application/vnd.databricks.v1+cell":{"title":"","showTitle":false,"inputWidgets":{},"nuid":"27fe3d28-225b-4b43-90b2-4f49357671fc"}},"outputs":[{"output_type":"display_data","metadata":{"application/vnd.databricks.v1+output":{"datasetInfos":[],"data":"<div class=\"ansiout\"></div>","removedWidgets":[],"addedWidgets":{},"metadata":{},"type":"html","arguments":{}}},"output_type":"display_data","data":{"text/html":["<style scoped>\n  .ansiout {\n    display: block;\n    unicode-bidi: embed;\n    white-space: pre-wrap;\n    word-wrap: break-word;\n    word-break: break-all;\n    font-family: \"Source Code Pro\", \"Menlo\", monospace;;\n    font-size: 13px;\n    color: #555;\n    margin-left: 4px;\n    line-height: 19px;\n  }\n</style>\n<div class=\"ansiout\"></div>"]}}],"execution_count":0},{"cell_type":"markdown","source":["##Moving Average"],"metadata":{"application/vnd.databricks.v1+cell":{"title":"","showTitle":false,"inputWidgets":{},"nuid":"24df2bf6-8d0b-40aa-bccb-9a8e96761247"}}},{"cell_type":"code","source":["w = Window.partitionBy('MUNICIPIO').orderBy('CHAVE_DATA').rowsBetween(-3, 0)"],"metadata":{"application/vnd.databricks.v1+cell":{"title":"","showTitle":false,"inputWidgets":{},"nuid":"490abef0-971f-4fc7-81f9-ea2fa55cc8fa"}},"outputs":[{"output_type":"display_data","metadata":{"application/vnd.databricks.v1+output":{"datasetInfos":[],"data":"<div class=\"ansiout\"></div>","removedWidgets":[],"addedWidgets":{},"metadata":{},"type":"html","arguments":{}}},"output_type":"display_data","data":{"text/html":["<style scoped>\n  .ansiout {\n    display: block;\n    unicode-bidi: embed;\n    white-space: pre-wrap;\n    word-wrap: break-word;\n    word-break: break-all;\n    font-family: \"Source Code Pro\", \"Menlo\", monospace;;\n    font-size: 13px;\n    color: #555;\n    margin-left: 4px;\n    line-height: 19px;\n  }\n</style>\n<div class=\"ansiout\"></div>"]}}],"execution_count":0},{"cell_type":"code","source":["df_la_mav = df_la_grouped\\\n  .withColumn('USA_LA_MM_CASOS_CONFIRMADOS', avg(col('US_LA_CASOS_CONFIRMADOS')).over(w))\\\n  .withColumn('USA_LA_MM_NUMERO_MORTES', avg(col('US_LA_NUMERO_MORTES')).over(w))\\\n  .drop(\"MUNICIPIO\")\n\n#.withColumn('list', collect_list(col('US_LA_CASOS_CONFIRMADOS')).over(w))\\"],"metadata":{"application/vnd.databricks.v1+cell":{"title":"","showTitle":false,"inputWidgets":{},"nuid":"d8376321-8e43-43c0-b18b-7124b5ee6790"}},"outputs":[{"output_type":"display_data","metadata":{"application/vnd.databricks.v1+output":{"datasetInfos":[],"data":"<div class=\"ansiout\"></div>","removedWidgets":[],"addedWidgets":{},"metadata":{},"type":"html","arguments":{}}},"output_type":"display_data","data":{"text/html":["<style scoped>\n  .ansiout {\n    display: block;\n    unicode-bidi: embed;\n    white-space: pre-wrap;\n    word-wrap: break-word;\n    word-break: break-all;\n    font-family: \"Source Code Pro\", \"Menlo\", monospace;;\n    font-size: 13px;\n    color: #555;\n    margin-left: 4px;\n    line-height: 19px;\n  }\n</style>\n<div class=\"ansiout\"></div>"]}}],"execution_count":0},{"cell_type":"code","source":["display(df_la_mav)"],"metadata":{"application/vnd.databricks.v1+cell":{"title":"","showTitle":false,"inputWidgets":{},"nuid":"9c60e9c8-5f84-4180-aeba-d02bfb142943"}},"outputs":[{"output_type":"display_data","metadata":{"application/vnd.databricks.v1+output":{"overflow":false,"datasetInfos":[],"data":[["202004",8067,448,8067.0,[8067],448.0],["202005",31781,1251,19924.0,[8067,31781],849.5],["202006",48849,1009,29565.666666666668,[8067,31781,48849],902.6666666666666],["202007",84691,1253,43347.0,[8067,31781,48849,84691],990.25],["202008",53227,1160,54637.0,[31781,48849,84691,53227],1168.25],["202009",28531,792,53824.5,[48849,84691,53227,28531],1053.5],["202010",37319,495,50942.0,[84691,53227,28531,37319],925.0],["202011",93830,585,53226.75,[53227,28531,37319,93830],758.0],["202012",370071,2703,132437.75,[28531,37319,93830,370071],1143.75],["202101",345429,6411,211662.25,[37319,93830,370071,345429],2548.5],["202102",74975,4665,221076.25,[93830,370071,345429,74975],3591.0],["202103",27691,1709,204541.5,[370071,345429,74975,27691],3872.0],["202104",13477,755,115393.0,[345429,74975,27691,13477],3385.0],["202105",10963,461,31776.5,[74975,27691,13477,10963],1897.5],["202106",6186,138,14579.25,[27691,13477,10963,6186],765.75],["202107",50073,193,20174.75,[13477,10963,6186,50073],386.75],["202108",107004,593,43556.5,[10963,6186,50073,107004],346.25],["202109",51865,822,53782.0,[6186,50073,107004,51865],436.5],["202110",33988,531,60732.5,[50073,107004,51865,33988],534.75],["202111",33962,529,56704.75,[107004,51865,33988,33962],618.75],["202112",169450,471,72316.25,[51865,33988,33962,169450],588.25],["202201",962832,1326,300058.0,[33988,33962,169450,962832],714.25],["202202",87452,727,313424.0,[33962,169450,962832,87452],763.25]],"plotOptions":{"displayType":"table","customPlotOptions":{},"pivotColumns":null,"pivotAggregation":null,"xColumns":null,"yColumns":null},"columnCustomDisplayInfos":{},"aggType":"","isJsonSchema":true,"removedWidgets":[],"aggSchema":[],"schema":[{"name":"CHAVE_DATA","type":"\"string\"","metadata":"{}"},{"name":"US_LA_CASOS_CONFIRMADOS","type":"\"long\"","metadata":"{}"},{"name":"US_LA_NUMERO_MORTES","type":"\"long\"","metadata":"{}"},{"name":"USA_LA_MM_CASOS_CONFIRMADOS","type":"\"double\"","metadata":"{}"},{"name":"list","type":"{\"type\":\"array\",\"elementType\":\"long\",\"containsNull\":false}","metadata":"{}"},{"name":"USA_LA_MM_NUMERO_MORTES","type":"\"double\"","metadata":"{}"}],"aggError":"","aggData":[],"addedWidgets":{},"metadata":{},"dbfsResultPath":null,"type":"table","aggOverflow":false,"aggSeriesLimitReached":false,"arguments":{}}},"output_type":"display_data","data":{"text/html":["<style scoped>\n  .table-result-container {\n    max-height: 300px;\n    overflow: auto;\n  }\n  table, th, td {\n    border: 1px solid black;\n    border-collapse: collapse;\n  }\n  th, td {\n    padding: 5px;\n  }\n  th {\n    text-align: left;\n  }\n</style><div class='table-result-container'><table class='table-result'><thead style='background-color: white'><tr><th>CHAVE_DATA</th><th>US_LA_CASOS_CONFIRMADOS</th><th>US_LA_NUMERO_MORTES</th><th>USA_LA_MM_CASOS_CONFIRMADOS</th><th>list</th><th>USA_LA_MM_NUMERO_MORTES</th></tr></thead><tbody><tr><td>202004</td><td>8067</td><td>448</td><td>8067.0</td><td>List(8067)</td><td>448.0</td></tr><tr><td>202005</td><td>31781</td><td>1251</td><td>19924.0</td><td>List(8067, 31781)</td><td>849.5</td></tr><tr><td>202006</td><td>48849</td><td>1009</td><td>29565.666666666668</td><td>List(8067, 31781, 48849)</td><td>902.6666666666666</td></tr><tr><td>202007</td><td>84691</td><td>1253</td><td>43347.0</td><td>List(8067, 31781, 48849, 84691)</td><td>990.25</td></tr><tr><td>202008</td><td>53227</td><td>1160</td><td>54637.0</td><td>List(31781, 48849, 84691, 53227)</td><td>1168.25</td></tr><tr><td>202009</td><td>28531</td><td>792</td><td>53824.5</td><td>List(48849, 84691, 53227, 28531)</td><td>1053.5</td></tr><tr><td>202010</td><td>37319</td><td>495</td><td>50942.0</td><td>List(84691, 53227, 28531, 37319)</td><td>925.0</td></tr><tr><td>202011</td><td>93830</td><td>585</td><td>53226.75</td><td>List(53227, 28531, 37319, 93830)</td><td>758.0</td></tr><tr><td>202012</td><td>370071</td><td>2703</td><td>132437.75</td><td>List(28531, 37319, 93830, 370071)</td><td>1143.75</td></tr><tr><td>202101</td><td>345429</td><td>6411</td><td>211662.25</td><td>List(37319, 93830, 370071, 345429)</td><td>2548.5</td></tr><tr><td>202102</td><td>74975</td><td>4665</td><td>221076.25</td><td>List(93830, 370071, 345429, 74975)</td><td>3591.0</td></tr><tr><td>202103</td><td>27691</td><td>1709</td><td>204541.5</td><td>List(370071, 345429, 74975, 27691)</td><td>3872.0</td></tr><tr><td>202104</td><td>13477</td><td>755</td><td>115393.0</td><td>List(345429, 74975, 27691, 13477)</td><td>3385.0</td></tr><tr><td>202105</td><td>10963</td><td>461</td><td>31776.5</td><td>List(74975, 27691, 13477, 10963)</td><td>1897.5</td></tr><tr><td>202106</td><td>6186</td><td>138</td><td>14579.25</td><td>List(27691, 13477, 10963, 6186)</td><td>765.75</td></tr><tr><td>202107</td><td>50073</td><td>193</td><td>20174.75</td><td>List(13477, 10963, 6186, 50073)</td><td>386.75</td></tr><tr><td>202108</td><td>107004</td><td>593</td><td>43556.5</td><td>List(10963, 6186, 50073, 107004)</td><td>346.25</td></tr><tr><td>202109</td><td>51865</td><td>822</td><td>53782.0</td><td>List(6186, 50073, 107004, 51865)</td><td>436.5</td></tr><tr><td>202110</td><td>33988</td><td>531</td><td>60732.5</td><td>List(50073, 107004, 51865, 33988)</td><td>534.75</td></tr><tr><td>202111</td><td>33962</td><td>529</td><td>56704.75</td><td>List(107004, 51865, 33988, 33962)</td><td>618.75</td></tr><tr><td>202112</td><td>169450</td><td>471</td><td>72316.25</td><td>List(51865, 33988, 33962, 169450)</td><td>588.25</td></tr><tr><td>202201</td><td>962832</td><td>1326</td><td>300058.0</td><td>List(33988, 33962, 169450, 962832)</td><td>714.25</td></tr><tr><td>202202</td><td>87452</td><td>727</td><td>313424.0</td><td>List(33962, 169450, 962832, 87452)</td><td>763.25</td></tr></tbody></table></div>"]}}],"execution_count":0},{"cell_type":"code","source":["df_ny_mav = df_ny_grouped\\\n  .withColumn('USA_NY_MM_CASOS_CONFIRMADOS', avg(col('US_NY_CASOS_CONFIRMADOS')).over(w))\\\n  .withColumn('USA_NY_MM_NUMERO_MORTES', avg(col('US_NY_NUMERO_MORTES')).over(w))\\\n  .drop(\"MUNICIPIO\")\n\n#.withColumn('list', collect_list(col('US_NY_CASOS_CONFIRMADOS')).over(w))\\"],"metadata":{"application/vnd.databricks.v1+cell":{"title":"","showTitle":false,"inputWidgets":{},"nuid":"b0b04f8f-0403-46f9-b220-b8ebf0b04e5e"}},"outputs":[{"output_type":"display_data","metadata":{"application/vnd.databricks.v1+output":{"datasetInfos":[],"data":"<div class=\"ansiout\"></div>","removedWidgets":[],"addedWidgets":{},"metadata":{},"type":"html","arguments":{}}},"output_type":"display_data","data":{"text/html":["<style scoped>\n  .ansiout {\n    display: block;\n    unicode-bidi: embed;\n    white-space: pre-wrap;\n    word-wrap: break-word;\n    word-break: break-all;\n    font-family: \"Source Code Pro\", \"Menlo\", monospace;;\n    font-size: 13px;\n    color: #555;\n    margin-left: 4px;\n    line-height: 19px;\n  }\n</style>\n<div class=\"ansiout\"></div>"]}}],"execution_count":0},{"cell_type":"markdown","source":["##Writing Final Dataframe to ADLS2 (Gold)"],"metadata":{"application/vnd.databricks.v1+cell":{"title":"","showTitle":false,"inputWidgets":{},"nuid":"61dd19ad-2491-42bc-b635-891e85d39d5e"}}},{"cell_type":"code","source":["results_final_df = df_ny_mav.join(df_la_mav,'CHAVE_DATA',\"outer\")"],"metadata":{"application/vnd.databricks.v1+cell":{"title":"Join to a single one Dataframe","showTitle":false,"inputWidgets":{},"nuid":"70f86473-413c-4176-8e86-2a45b6161cf1"}},"outputs":[{"output_type":"display_data","metadata":{"application/vnd.databricks.v1+output":{"datasetInfos":[],"data":"<div class=\"ansiout\"></div>","removedWidgets":[],"addedWidgets":{},"metadata":{},"type":"html","arguments":{}}},"output_type":"display_data","data":{"text/html":["<style scoped>\n  .ansiout {\n    display: block;\n    unicode-bidi: embed;\n    white-space: pre-wrap;\n    word-wrap: break-word;\n    word-break: break-all;\n    font-family: \"Source Code Pro\", \"Menlo\", monospace;;\n    font-size: 13px;\n    color: #555;\n    margin-left: 4px;\n    line-height: 19px;\n  }\n</style>\n<div class=\"ansiout\"></div>"]}}],"execution_count":0},{"cell_type":"code","source":["from delta.tables import DeltaTable\nif (DeltaTable.isDeltaTable(spark, f\"{gold_folder_path}final_covid_df\")):\n    deltaTable = DeltaTable.forPath(spark, f\"{gold_folder_path}final_covid_df\")\n    deltaTable.alias(\"tgt\").merge(\n    results_final_df.alias(\"src\"),\n     \"tgt.CHAVE_DATA = src.CHAVE_DATA\") \\\n    .whenMatchedUpdateAll()\\\n    .whenNotMatchedInsertAll()\\\n    .execute()\nelse:\n    results_final_df.write.mode(\"overwrite\")\\\n    .partitionBy(\"CHAVE_DATA\")\\\n    .format(\"delta\")\\\n    .save(f\"{gold_folder_path}final_covid_df\")"],"metadata":{"application/vnd.databricks.v1+cell":{"title":"","showTitle":false,"inputWidgets":{},"nuid":"6b4baa14-53ca-430b-a92b-0e9d98a025c2"}},"outputs":[{"output_type":"display_data","metadata":{"application/vnd.databricks.v1+output":{"datasetInfos":[],"data":"<div class=\"ansiout\"></div>","removedWidgets":[],"addedWidgets":{},"metadata":{},"type":"html","arguments":{}}},"output_type":"display_data","data":{"text/html":["<style scoped>\n  .ansiout {\n    display: block;\n    unicode-bidi: embed;\n    white-space: pre-wrap;\n    word-wrap: break-word;\n    word-break: break-all;\n    font-family: \"Source Code Pro\", \"Menlo\", monospace;;\n    font-size: 13px;\n    color: #555;\n    margin-left: 4px;\n    line-height: 19px;\n  }\n</style>\n<div class=\"ansiout\"></div>"]}}],"execution_count":0},{"cell_type":"code","source":["display(spark.read.format(\"delta\").load(f\"{gold_folder_path}final_covid_df\").orderBy('CHAVE_DATA'))"],"metadata":{"application/vnd.databricks.v1+cell":{"title":"","showTitle":false,"inputWidgets":{},"nuid":"df5922b1-fe17-4bfa-99dd-e4a20180aa79"}},"outputs":[{"output_type":"display_data","metadata":{"application/vnd.databricks.v1+output":{"overflow":false,"datasetInfos":[],"data":[["202004",2768,338,2768.0,338.0,8067,448,8067.0,448.0],["202005",4583,1019,3675.5,678.5,31781,1251,19924.0,849.5],["202006",1717,142,3022.6666666666665,499.6666666666667,48849,1009,29565.666666666668,902.6666666666666],["202007",2110,65,2794.5,391.0,84691,1253,43347.0,990.25],["202008",1437,26,2461.75,313.0,53227,1160,54637.0,1168.25],["202009",1517,8,1695.25,60.25,28531,792,53824.5,1053.5],["202010",3075,20,2034.75,29.75,37319,495,50942.0,925.0],["202011",9329,31,3839.5,21.25,93830,585,53226.75,758.0],["202012",16147,109,7517.0,42.0,370071,2703,132437.75,1143.75],["202101",24837,248,13347.0,102.0,345429,6411,211662.25,2548.5],["202102",17510,312,16955.75,175.0,74975,4665,221076.25,3591.0],["202103",20074,311,19642.0,245.0,27691,1709,204541.5,3872.0],["202104",11593,181,18503.5,263.0,13477,755,115393.0,3385.0],["202105",2786,90,12990.75,223.5,10963,461,31776.5,1897.5],["202106",1000,33,8863.25,153.75,6186,138,14579.25,765.75],["202107",4334,20,4928.25,81.0,50073,193,20174.75,386.75],["202108",11160,44,4820.0,46.75,107004,593,43556.5,346.25],["202109",9549,37,6510.75,33.5,51865,822,53782.0,436.5],["202110",5880,26,7730.75,31.75,33988,531,60732.5,534.75],["202111",7133,25,8430.5,33.0,33962,529,56704.75,618.75],["202112",96074,64,29659.0,38.0,169450,471,72316.25,588.25],["202201",119101,445,57047.0,140.0,962832,1326,300058.0,714.25],["202202",5471,129,56944.75,165.75,87452,727,313424.0,763.25]],"plotOptions":{"displayType":"table","customPlotOptions":{},"pivotColumns":[],"pivotAggregation":null,"xColumns":[],"yColumns":[]},"columnCustomDisplayInfos":{},"aggType":"","isJsonSchema":true,"removedWidgets":[],"aggSchema":[],"schema":[{"name":"CHAVE_DATA","type":"\"string\"","metadata":"{}"},{"name":"US_NY_CASOS_CONFIRMADOS","type":"\"long\"","metadata":"{}"},{"name":"US_NY_NUMERO_MORTES","type":"\"long\"","metadata":"{}"},{"name":"USA_NY_MM_CASOS_CONFIRMADOS","type":"\"double\"","metadata":"{}"},{"name":"USA_NY_MM_NUMERO_MORTES","type":"\"double\"","metadata":"{}"},{"name":"US_LA_CASOS_CONFIRMADOS","type":"\"long\"","metadata":"{}"},{"name":"US_LA_NUMERO_MORTES","type":"\"long\"","metadata":"{}"},{"name":"USA_LA_MM_CASOS_CONFIRMADOS","type":"\"double\"","metadata":"{}"},{"name":"USA_LA_MM_NUMERO_MORTES","type":"\"double\"","metadata":"{}"}],"aggError":"","aggData":[],"addedWidgets":{},"metadata":{},"dbfsResultPath":null,"type":"table","aggOverflow":false,"aggSeriesLimitReached":false,"arguments":{}}},"output_type":"display_data","data":{"text/html":["<style scoped>\n  .table-result-container {\n    max-height: 300px;\n    overflow: auto;\n  }\n  table, th, td {\n    border: 1px solid black;\n    border-collapse: collapse;\n  }\n  th, td {\n    padding: 5px;\n  }\n  th {\n    text-align: left;\n  }\n</style><div class='table-result-container'><table class='table-result'><thead style='background-color: white'><tr><th>CHAVE_DATA</th><th>US_NY_CASOS_CONFIRMADOS</th><th>US_NY_NUMERO_MORTES</th><th>USA_NY_MM_CASOS_CONFIRMADOS</th><th>USA_NY_MM_NUMERO_MORTES</th><th>US_LA_CASOS_CONFIRMADOS</th><th>US_LA_NUMERO_MORTES</th><th>USA_LA_MM_CASOS_CONFIRMADOS</th><th>USA_LA_MM_NUMERO_MORTES</th></tr></thead><tbody><tr><td>202004</td><td>2768</td><td>338</td><td>2768.0</td><td>338.0</td><td>8067</td><td>448</td><td>8067.0</td><td>448.0</td></tr><tr><td>202005</td><td>4583</td><td>1019</td><td>3675.5</td><td>678.5</td><td>31781</td><td>1251</td><td>19924.0</td><td>849.5</td></tr><tr><td>202006</td><td>1717</td><td>142</td><td>3022.6666666666665</td><td>499.6666666666667</td><td>48849</td><td>1009</td><td>29565.666666666668</td><td>902.6666666666666</td></tr><tr><td>202007</td><td>2110</td><td>65</td><td>2794.5</td><td>391.0</td><td>84691</td><td>1253</td><td>43347.0</td><td>990.25</td></tr><tr><td>202008</td><td>1437</td><td>26</td><td>2461.75</td><td>313.0</td><td>53227</td><td>1160</td><td>54637.0</td><td>1168.25</td></tr><tr><td>202009</td><td>1517</td><td>8</td><td>1695.25</td><td>60.25</td><td>28531</td><td>792</td><td>53824.5</td><td>1053.5</td></tr><tr><td>202010</td><td>3075</td><td>20</td><td>2034.75</td><td>29.75</td><td>37319</td><td>495</td><td>50942.0</td><td>925.0</td></tr><tr><td>202011</td><td>9329</td><td>31</td><td>3839.5</td><td>21.25</td><td>93830</td><td>585</td><td>53226.75</td><td>758.0</td></tr><tr><td>202012</td><td>16147</td><td>109</td><td>7517.0</td><td>42.0</td><td>370071</td><td>2703</td><td>132437.75</td><td>1143.75</td></tr><tr><td>202101</td><td>24837</td><td>248</td><td>13347.0</td><td>102.0</td><td>345429</td><td>6411</td><td>211662.25</td><td>2548.5</td></tr><tr><td>202102</td><td>17510</td><td>312</td><td>16955.75</td><td>175.0</td><td>74975</td><td>4665</td><td>221076.25</td><td>3591.0</td></tr><tr><td>202103</td><td>20074</td><td>311</td><td>19642.0</td><td>245.0</td><td>27691</td><td>1709</td><td>204541.5</td><td>3872.0</td></tr><tr><td>202104</td><td>11593</td><td>181</td><td>18503.5</td><td>263.0</td><td>13477</td><td>755</td><td>115393.0</td><td>3385.0</td></tr><tr><td>202105</td><td>2786</td><td>90</td><td>12990.75</td><td>223.5</td><td>10963</td><td>461</td><td>31776.5</td><td>1897.5</td></tr><tr><td>202106</td><td>1000</td><td>33</td><td>8863.25</td><td>153.75</td><td>6186</td><td>138</td><td>14579.25</td><td>765.75</td></tr><tr><td>202107</td><td>4334</td><td>20</td><td>4928.25</td><td>81.0</td><td>50073</td><td>193</td><td>20174.75</td><td>386.75</td></tr><tr><td>202108</td><td>11160</td><td>44</td><td>4820.0</td><td>46.75</td><td>107004</td><td>593</td><td>43556.5</td><td>346.25</td></tr><tr><td>202109</td><td>9549</td><td>37</td><td>6510.75</td><td>33.5</td><td>51865</td><td>822</td><td>53782.0</td><td>436.5</td></tr><tr><td>202110</td><td>5880</td><td>26</td><td>7730.75</td><td>31.75</td><td>33988</td><td>531</td><td>60732.5</td><td>534.75</td></tr><tr><td>202111</td><td>7133</td><td>25</td><td>8430.5</td><td>33.0</td><td>33962</td><td>529</td><td>56704.75</td><td>618.75</td></tr><tr><td>202112</td><td>96074</td><td>64</td><td>29659.0</td><td>38.0</td><td>169450</td><td>471</td><td>72316.25</td><td>588.25</td></tr><tr><td>202201</td><td>119101</td><td>445</td><td>57047.0</td><td>140.0</td><td>962832</td><td>1326</td><td>300058.0</td><td>714.25</td></tr><tr><td>202202</td><td>5471</td><td>129</td><td>56944.75</td><td>165.75</td><td>87452</td><td>727</td><td>313424.0</td><td>763.25</td></tr></tbody></table></div>"]}}],"execution_count":0},{"cell_type":"markdown","source":["##Writing to CosmosDB"],"metadata":{"application/vnd.databricks.v1+cell":{"title":"","showTitle":false,"inputWidgets":{},"nuid":"503373ac-3f96-478c-b1f7-c7ce3990c6c0"}}},{"cell_type":"code","source":["results_final_df.withColumnRenamed('CHAVE_DATA','id')\\\n                .write\\\n                .format(\"cosmos.oltp\")\\\n                .options(**cfg)\\\n                .mode(\"append\")\\\n                .save()"],"metadata":{"application/vnd.databricks.v1+cell":{"title":"","showTitle":false,"inputWidgets":{},"nuid":"682040f6-e2d9-430a-86dd-e76299c6d38d"}},"outputs":[{"output_type":"display_data","metadata":{"application/vnd.databricks.v1+output":{"datasetInfos":[],"data":"<div class=\"ansiout\"></div>","removedWidgets":[],"addedWidgets":{},"metadata":{},"type":"html","arguments":{}}},"output_type":"display_data","data":{"text/html":["<style scoped>\n  .ansiout {\n    display: block;\n    unicode-bidi: embed;\n    white-space: pre-wrap;\n    word-wrap: break-word;\n    word-break: break-all;\n    font-family: \"Source Code Pro\", \"Menlo\", monospace;;\n    font-size: 13px;\n    color: #555;\n    margin-left: 4px;\n    line-height: 19px;\n  }\n</style>\n<div class=\"ansiout\"></div>"]}}],"execution_count":0},{"cell_type":"code","source":["display(spark.read\\\n             .format(\"cosmos.oltp\").options(**cfg)\\\n             .option(\"spark.cosmos.read.inferSchema.enabled\", \"true\")\\\n             .load()\\\n             .orderBy('id'))"],"metadata":{"application/vnd.databricks.v1+cell":{"title":"","showTitle":false,"inputWidgets":{},"nuid":"c96dba3f-8af8-4a4d-a859-5fe2bcacacd9"}},"outputs":[{"output_type":"display_data","metadata":{"application/vnd.databricks.v1+output":{"overflow":false,"datasetInfos":[],"data":[[338,8067.0,2768.0,2768,448,"202004",8067,448.0,338.0],[1019,19924.0,3675.5,4583,1251,"202005",31781,849.5,678.5],[142,29565.666666666668,3022.6666666666665,1717,1009,"202006",48849,902.6666666666666,499.6666666666667],[65,43347.0,2794.5,2110,1253,"202007",84691,990.25,391.0],[26,54637.0,2461.75,1437,1160,"202008",53227,1168.25,313.0],[8,53824.5,1695.25,1517,792,"202009",28531,1053.5,60.25],[20,50942.0,2034.75,3075,495,"202010",37319,925.0,29.75],[31,53226.75,3839.5,9329,585,"202011",93830,758.0,21.25],[109,132437.75,7517.0,16147,2703,"202012",370071,1143.75,42.0],[248,211662.25,13347.0,24837,6411,"202101",345429,2548.5,102.0],[312,221076.25,16955.75,17510,4665,"202102",74975,3591.0,175.0],[311,204541.5,19642.0,20074,1709,"202103",27691,3872.0,245.0],[181,115393.0,18503.5,11593,755,"202104",13477,3385.0,263.0],[90,31776.5,12990.75,2786,461,"202105",10963,1897.5,223.5],[33,14579.25,8863.25,1000,138,"202106",6186,765.75,153.75],[20,20174.75,4928.25,4334,193,"202107",50073,386.75,81.0],[44,43556.5,4820.0,11160,593,"202108",107004,346.25,46.75],[37,53782.0,6510.75,9549,822,"202109",51865,436.5,33.5],[26,60732.5,7730.75,5880,531,"202110",33988,534.75,31.75],[25,56704.75,8430.5,7133,529,"202111",33962,618.75,33.0],[64,72316.25,29659.0,96074,471,"202112",169450,588.25,38.0],[445,300058.0,57047.0,119101,1326,"202201",962832,714.25,140.0],[129,313424.0,56944.75,5471,727,"202202",87452,763.25,165.75]],"plotOptions":{"displayType":"table","customPlotOptions":{},"pivotColumns":null,"pivotAggregation":null,"xColumns":null,"yColumns":null},"columnCustomDisplayInfos":{},"aggType":"","isJsonSchema":true,"removedWidgets":[],"aggSchema":[],"schema":[{"name":"US_NY_NUMERO_MORTES","type":"\"integer\"","metadata":"{}"},{"name":"USA_LA_MM_CASOS_CONFIRMADOS","type":"\"double\"","metadata":"{}"},{"name":"USA_NY_MM_CASOS_CONFIRMADOS","type":"\"double\"","metadata":"{}"},{"name":"US_NY_CASOS_CONFIRMADOS","type":"\"integer\"","metadata":"{}"},{"name":"US_LA_NUMERO_MORTES","type":"\"integer\"","metadata":"{}"},{"name":"id","type":"\"string\"","metadata":"{}"},{"name":"US_LA_CASOS_CONFIRMADOS","type":"\"integer\"","metadata":"{}"},{"name":"USA_LA_MM_NUMERO_MORTES","type":"\"double\"","metadata":"{}"},{"name":"USA_NY_MM_NUMERO_MORTES","type":"\"double\"","metadata":"{}"}],"aggError":"","aggData":[],"addedWidgets":{},"metadata":{},"dbfsResultPath":null,"type":"table","aggOverflow":false,"aggSeriesLimitReached":false,"arguments":{}}},"output_type":"display_data","data":{"text/html":["<style scoped>\n  .table-result-container {\n    max-height: 300px;\n    overflow: auto;\n  }\n  table, th, td {\n    border: 1px solid black;\n    border-collapse: collapse;\n  }\n  th, td {\n    padding: 5px;\n  }\n  th {\n    text-align: left;\n  }\n</style><div class='table-result-container'><table class='table-result'><thead style='background-color: white'><tr><th>US_NY_NUMERO_MORTES</th><th>USA_LA_MM_CASOS_CONFIRMADOS</th><th>USA_NY_MM_CASOS_CONFIRMADOS</th><th>US_NY_CASOS_CONFIRMADOS</th><th>US_LA_NUMERO_MORTES</th><th>id</th><th>US_LA_CASOS_CONFIRMADOS</th><th>USA_LA_MM_NUMERO_MORTES</th><th>USA_NY_MM_NUMERO_MORTES</th></tr></thead><tbody><tr><td>338</td><td>8067.0</td><td>2768.0</td><td>2768</td><td>448</td><td>202004</td><td>8067</td><td>448.0</td><td>338.0</td></tr><tr><td>1019</td><td>19924.0</td><td>3675.5</td><td>4583</td><td>1251</td><td>202005</td><td>31781</td><td>849.5</td><td>678.5</td></tr><tr><td>142</td><td>29565.666666666668</td><td>3022.6666666666665</td><td>1717</td><td>1009</td><td>202006</td><td>48849</td><td>902.6666666666666</td><td>499.6666666666667</td></tr><tr><td>65</td><td>43347.0</td><td>2794.5</td><td>2110</td><td>1253</td><td>202007</td><td>84691</td><td>990.25</td><td>391.0</td></tr><tr><td>26</td><td>54637.0</td><td>2461.75</td><td>1437</td><td>1160</td><td>202008</td><td>53227</td><td>1168.25</td><td>313.0</td></tr><tr><td>8</td><td>53824.5</td><td>1695.25</td><td>1517</td><td>792</td><td>202009</td><td>28531</td><td>1053.5</td><td>60.25</td></tr><tr><td>20</td><td>50942.0</td><td>2034.75</td><td>3075</td><td>495</td><td>202010</td><td>37319</td><td>925.0</td><td>29.75</td></tr><tr><td>31</td><td>53226.75</td><td>3839.5</td><td>9329</td><td>585</td><td>202011</td><td>93830</td><td>758.0</td><td>21.25</td></tr><tr><td>109</td><td>132437.75</td><td>7517.0</td><td>16147</td><td>2703</td><td>202012</td><td>370071</td><td>1143.75</td><td>42.0</td></tr><tr><td>248</td><td>211662.25</td><td>13347.0</td><td>24837</td><td>6411</td><td>202101</td><td>345429</td><td>2548.5</td><td>102.0</td></tr><tr><td>312</td><td>221076.25</td><td>16955.75</td><td>17510</td><td>4665</td><td>202102</td><td>74975</td><td>3591.0</td><td>175.0</td></tr><tr><td>311</td><td>204541.5</td><td>19642.0</td><td>20074</td><td>1709</td><td>202103</td><td>27691</td><td>3872.0</td><td>245.0</td></tr><tr><td>181</td><td>115393.0</td><td>18503.5</td><td>11593</td><td>755</td><td>202104</td><td>13477</td><td>3385.0</td><td>263.0</td></tr><tr><td>90</td><td>31776.5</td><td>12990.75</td><td>2786</td><td>461</td><td>202105</td><td>10963</td><td>1897.5</td><td>223.5</td></tr><tr><td>33</td><td>14579.25</td><td>8863.25</td><td>1000</td><td>138</td><td>202106</td><td>6186</td><td>765.75</td><td>153.75</td></tr><tr><td>20</td><td>20174.75</td><td>4928.25</td><td>4334</td><td>193</td><td>202107</td><td>50073</td><td>386.75</td><td>81.0</td></tr><tr><td>44</td><td>43556.5</td><td>4820.0</td><td>11160</td><td>593</td><td>202108</td><td>107004</td><td>346.25</td><td>46.75</td></tr><tr><td>37</td><td>53782.0</td><td>6510.75</td><td>9549</td><td>822</td><td>202109</td><td>51865</td><td>436.5</td><td>33.5</td></tr><tr><td>26</td><td>60732.5</td><td>7730.75</td><td>5880</td><td>531</td><td>202110</td><td>33988</td><td>534.75</td><td>31.75</td></tr><tr><td>25</td><td>56704.75</td><td>8430.5</td><td>7133</td><td>529</td><td>202111</td><td>33962</td><td>618.75</td><td>33.0</td></tr><tr><td>64</td><td>72316.25</td><td>29659.0</td><td>96074</td><td>471</td><td>202112</td><td>169450</td><td>588.25</td><td>38.0</td></tr><tr><td>445</td><td>300058.0</td><td>57047.0</td><td>119101</td><td>1326</td><td>202201</td><td>962832</td><td>714.25</td><td>140.0</td></tr><tr><td>129</td><td>313424.0</td><td>56944.75</td><td>5471</td><td>727</td><td>202202</td><td>87452</td><td>763.25</td><td>165.75</td></tr></tbody></table></div>"]}}],"execution_count":0}],"metadata":{"application/vnd.databricks.v1+notebook":{"notebookName":"Ingest_Gold_Final","dashboards":[],"notebookMetadata":{"pythonIndentUnit":2},"language":"python","widgets":{},"notebookOrigID":1338963539274769}},"nbformat":4,"nbformat_minor":0}
